   0.00000000000000e+00   0.00000000000000e+00   0.00000000000000e+00   0.00000000000000e+00   0.00000000000000e+00   0.00000000000000e+00   0.00000000000000e+00   0.00000000000000e+00   0.00000000000000e+00   0.00000000000000e+00   0.00000000000000e+00
   0.00000000000000e+00   9.22016590397885e-17   0.00000000000000e+00   0.00000000000000e+00   0.00000000000000e+00   0.00000000000000e+00   0.00000000000000e+00   0.00000000000000e+00   0.00000000000000e+00   0.00000000000000e+00   0.00000000000000e+00
   0.00000000000000e+00  -1.65699775706137e-18  -2.05494068847212e-16   0.00000000000000e+00   0.00000000000000e+00   0.00000000000000e+00   0.00000000000000e+00   0.00000000000000e+00   0.00000000000000e+00   0.00000000000000e+00   0.00000000000000e+00
   0.00000000000000e+00  -4.94166482410759e-03  -9.39263601132507e-03   2.71185880440810e-02   0.00000000000000e+00   0.00000000000000e+00   0.00000000000000e+00   0.00000000000000e+00   0.00000000000000e+00   0.00000000000000e+00   0.00000000000000e+00
   0.00000000000000e+00   3.55195356849990e-03  -1.24534447897023e-04  -1.11645874837883e-02   9.00321655482405e-03   0.00000000000000e+00   0.00000000000000e+00   0.00000000000000e+00   0.00000000000000e+00   0.00000000000000e+00   0.00000000000000e+00
   0.00000000000000e+00   4.49718044158005e-03   1.09468228792373e-02  -1.69682803173711e-02  -1.84099458204510e-02   4.11908839841634e-02   0.00000000000000e+00   0.00000000000000e+00   0.00000000000000e+00   0.00000000000000e+00   0.00000000000000e+00
   0.00000000000000e+00  -6.01683793478452e-03  -3.75694093278065e-03   1.83303048222043e-02   1.65168524449090e-04  -2.77730591668063e-02   2.67557302915040e-02   0.00000000000000e+00   0.00000000000000e+00   0.00000000000000e+00   0.00000000000000e+00
   0.00000000000000e+00  -1.79310643038042e-03  -1.31054195234766e-02   7.68874894568913e-03   2.63114607905670e-02  -2.06356480994386e-02  -3.83950530791091e-02   5.85635149008018e-02   0.00000000000000e+00   0.00000000000000e+00   0.00000000000000e+00
   0.00000000000000e+00   8.03814053577056e-03   1.22394107813811e-02  -2.52999428454507e-02  -1.67840236014319e-02   4.37938226756476e-02   2.57625566408486e-03  -5.81109309272603e-02   5.72102317952686e-02   0.00000000000000e+00   0.00000000000000e+00
   0.00000000000000e+00  -3.66438981993305e-03   1.28801682193388e-02   8.86295920303223e-03  -3.02604072345348e-02  -6.62197367684735e-03   5.47668932211789e-02  -1.40841539184472e-02  -7.97548164186124e-02   8.91724534788720e-02   0.00000000000000e+00
   0.00000000000000e+00  -7.51377833580766e-03  -2.68183416447187e-02   2.57693510908579e-02   4.63355973262955e-02  -5.17814845988156e-02  -4.75163669881596e-02   8.51042104496854e-02   1.20114106260150e-02  -1.14035881437477e-01   1.13913591598133e-01
