   1.00000000000000e+00   0.00000000000000e+00   0.00000000000000e+00   0.00000000000000e+00   0.00000000000000e+00   0.00000000000000e+00   0.00000000000000e+00   0.00000000000000e+00   0.00000000000000e+00   0.00000000000000e+00   0.00000000000000e+00
  -1.38585070628056e-17  -2.23063395689052e-16   0.00000000000000e+00   0.00000000000000e+00   0.00000000000000e+00   0.00000000000000e+00   0.00000000000000e+00   0.00000000000000e+00   0.00000000000000e+00   0.00000000000000e+00   0.00000000000000e+00
  -1.25011307623266e-01  -4.48339073157561e-17   1.89127832149181e-01   0.00000000000000e+00   0.00000000000000e+00   0.00000000000000e+00   0.00000000000000e+00   0.00000000000000e+00   0.00000000000000e+00   0.00000000000000e+00   0.00000000000000e+00
   2.90280831129423e-02  -2.27593603619627e-02  -3.75805755240892e-02   5.56153525087023e-02   0.00000000000000e+00   0.00000000000000e+00   0.00000000000000e+00   0.00000000000000e+00   0.00000000000000e+00   0.00000000000000e+00   0.00000000000000e+00
   6.53057166904389e-02   2.55811596610134e-02  -9.15816986860701e-02  -2.30025166434677e-02   1.11320595926086e-01   0.00000000000000e+00   0.00000000000000e+00   0.00000000000000e+00   0.00000000000000e+00   0.00000000000000e+00   0.00000000000000e+00
  -4.58407581846515e-02   2.25617522503130e-02   6.17695356867481e-02  -3.97328839801945e-02  -5.15559455686226e-02   8.03399072993631e-02   0.00000000000000e+00   0.00000000000000e+00   0.00000000000000e+00   0.00000000000000e+00   0.00000000000000e+00
  -4.12330826943203e-02  -5.35163617148863e-02   5.85278139053442e-02   5.19235485982201e-02  -6.36539670514936e-02  -4.49449671903193e-02   9.21809101462823e-02   0.00000000000000e+00   0.00000000000000e+00   0.00000000000000e+00   0.00000000000000e+00
   6.48062639135433e-02  -5.44887814203278e-03  -8.93399076610843e-02   2.05414036609815e-02   8.18310961370531e-02  -4.88771572699594e-02  -6.55581941617445e-02   1.02785682273761e-01   0.00000000000000e+00   0.00000000000000e+00   0.00000000000000e+00
   1.34543288354870e-02   8.11326963006666e-02  -2.06632504284441e-02  -8.28040741249320e-02   2.77509745014338e-02   8.23073419249133e-02  -4.50936245575589e-02  -7.23230008340662e-02   8.88534851736795e-02   0.00000000000000e+00   0.00000000000000e+00
  -8.15453660234728e-02  -3.78849368036727e-02   1.14629612461802e-01   2.17387681380112e-02  -1.11525756065886e-01   8.73522282033662e-03   1.02420532527139e-01  -5.20448207525526e-02  -8.13969157254257e-02   1.24264064615474e-01   0.00000000000000e+00
   3.17865564308937e-02  -9.52766878076073e-02  -4.19313760464824e-02   1.03548128895275e-01   3.09530237045941e-02  -1.14695983711553e-01  -8.15366124529640e-03   1.19130888225348e-01  -2.92800467183722e-02  -1.03957166808187e-01   9.19133001651472e-02
